{
 "cells": [
  {
   "cell_type": "code",
   "execution_count": 4,
   "metadata": {},
   "outputs": [],
   "source": [
    "import mytools\n",
    "import pandas as pd"
   ]
  },
  {
   "cell_type": "code",
   "execution_count": 5,
   "metadata": {},
   "outputs": [],
   "source": [
    "数据表 = mytools.读取SPSS数据文件(R'data\\国家认同数据清理后.sav')"
   ]
  },
  {
   "cell_type": "code",
   "execution_count": 6,
   "metadata": {},
   "outputs": [
    {
     "data": {
      "text/html": [
       "<div>\n",
       "<style scoped>\n",
       "    .dataframe tbody tr th:only-of-type {\n",
       "        vertical-align: middle;\n",
       "    }\n",
       "\n",
       "    .dataframe tbody tr th {\n",
       "        vertical-align: top;\n",
       "    }\n",
       "\n",
       "    .dataframe thead th {\n",
       "        text-align: right;\n",
       "    }\n",
       "</style>\n",
       "<table border=\"1\" class=\"dataframe\">\n",
       "  <thead>\n",
       "    <tr style=\"text-align: right;\">\n",
       "      <th></th>\n",
       "      <th>政治面貌</th>\n",
       "      <th>团员</th>\n",
       "      <th>党员</th>\n",
       "      <th>群众</th>\n",
       "      <th>其他</th>\n",
       "      <th>All</th>\n",
       "    </tr>\n",
       "    <tr>\n",
       "      <th>年级</th>\n",
       "      <th>发展信心</th>\n",
       "      <th></th>\n",
       "      <th></th>\n",
       "      <th></th>\n",
       "      <th></th>\n",
       "      <th></th>\n",
       "    </tr>\n",
       "  </thead>\n",
       "  <tbody>\n",
       "    <tr>\n",
       "      <th rowspan=\"4\" valign=\"top\">预科</th>\n",
       "      <th>不清楚</th>\n",
       "      <td>0.006427</td>\n",
       "      <td>0.000000</td>\n",
       "      <td>0.000000</td>\n",
       "      <td>0.000000</td>\n",
       "      <td>0.006427</td>\n",
       "    </tr>\n",
       "    <tr>\n",
       "      <th>没信心</th>\n",
       "      <td>0.001285</td>\n",
       "      <td>0.000000</td>\n",
       "      <td>0.000000</td>\n",
       "      <td>0.000000</td>\n",
       "      <td>0.001285</td>\n",
       "    </tr>\n",
       "    <tr>\n",
       "      <th>担忧不好说</th>\n",
       "      <td>0.001285</td>\n",
       "      <td>0.000000</td>\n",
       "      <td>0.000000</td>\n",
       "      <td>0.000000</td>\n",
       "      <td>0.001285</td>\n",
       "    </tr>\n",
       "    <tr>\n",
       "      <th>很有信心</th>\n",
       "      <td>0.006427</td>\n",
       "      <td>0.000000</td>\n",
       "      <td>0.001285</td>\n",
       "      <td>0.000000</td>\n",
       "      <td>0.007712</td>\n",
       "    </tr>\n",
       "    <tr>\n",
       "      <th rowspan=\"4\" valign=\"top\">大一</th>\n",
       "      <th>不清楚</th>\n",
       "      <td>0.019280</td>\n",
       "      <td>0.001285</td>\n",
       "      <td>0.002571</td>\n",
       "      <td>0.000000</td>\n",
       "      <td>0.023136</td>\n",
       "    </tr>\n",
       "    <tr>\n",
       "      <th>没信心</th>\n",
       "      <td>0.006427</td>\n",
       "      <td>0.000000</td>\n",
       "      <td>0.000000</td>\n",
       "      <td>0.001285</td>\n",
       "      <td>0.007712</td>\n",
       "    </tr>\n",
       "    <tr>\n",
       "      <th>担忧不好说</th>\n",
       "      <td>0.080977</td>\n",
       "      <td>0.006427</td>\n",
       "      <td>0.012853</td>\n",
       "      <td>0.001285</td>\n",
       "      <td>0.101542</td>\n",
       "    </tr>\n",
       "    <tr>\n",
       "      <th>很有信心</th>\n",
       "      <td>0.185090</td>\n",
       "      <td>0.007712</td>\n",
       "      <td>0.017995</td>\n",
       "      <td>0.001285</td>\n",
       "      <td>0.212082</td>\n",
       "    </tr>\n",
       "    <tr>\n",
       "      <th rowspan=\"4\" valign=\"top\">大二</th>\n",
       "      <th>不清楚</th>\n",
       "      <td>0.011568</td>\n",
       "      <td>0.000000</td>\n",
       "      <td>0.003856</td>\n",
       "      <td>0.000000</td>\n",
       "      <td>0.015424</td>\n",
       "    </tr>\n",
       "    <tr>\n",
       "      <th>没信心</th>\n",
       "      <td>0.010283</td>\n",
       "      <td>0.008997</td>\n",
       "      <td>0.002571</td>\n",
       "      <td>0.000000</td>\n",
       "      <td>0.021851</td>\n",
       "    </tr>\n",
       "    <tr>\n",
       "      <th>担忧不好说</th>\n",
       "      <td>0.086118</td>\n",
       "      <td>0.008997</td>\n",
       "      <td>0.014139</td>\n",
       "      <td>0.001285</td>\n",
       "      <td>0.110540</td>\n",
       "    </tr>\n",
       "    <tr>\n",
       "      <th>很有信心</th>\n",
       "      <td>0.137532</td>\n",
       "      <td>0.016710</td>\n",
       "      <td>0.012853</td>\n",
       "      <td>0.005141</td>\n",
       "      <td>0.172237</td>\n",
       "    </tr>\n",
       "    <tr>\n",
       "      <th rowspan=\"4\" valign=\"top\">大三</th>\n",
       "      <th>不清楚</th>\n",
       "      <td>0.011568</td>\n",
       "      <td>0.005141</td>\n",
       "      <td>0.001285</td>\n",
       "      <td>0.000000</td>\n",
       "      <td>0.017995</td>\n",
       "    </tr>\n",
       "    <tr>\n",
       "      <th>没信心</th>\n",
       "      <td>0.006427</td>\n",
       "      <td>0.000000</td>\n",
       "      <td>0.006427</td>\n",
       "      <td>0.000000</td>\n",
       "      <td>0.012853</td>\n",
       "    </tr>\n",
       "    <tr>\n",
       "      <th>担忧不好说</th>\n",
       "      <td>0.034704</td>\n",
       "      <td>0.016710</td>\n",
       "      <td>0.014139</td>\n",
       "      <td>0.005141</td>\n",
       "      <td>0.070694</td>\n",
       "    </tr>\n",
       "    <tr>\n",
       "      <th>很有信心</th>\n",
       "      <td>0.057841</td>\n",
       "      <td>0.034704</td>\n",
       "      <td>0.006427</td>\n",
       "      <td>0.005141</td>\n",
       "      <td>0.104113</td>\n",
       "    </tr>\n",
       "    <tr>\n",
       "      <th rowspan=\"4\" valign=\"top\">大四</th>\n",
       "      <th>不清楚</th>\n",
       "      <td>0.001285</td>\n",
       "      <td>0.001285</td>\n",
       "      <td>0.002571</td>\n",
       "      <td>0.000000</td>\n",
       "      <td>0.005141</td>\n",
       "    </tr>\n",
       "    <tr>\n",
       "      <th>没信心</th>\n",
       "      <td>0.001285</td>\n",
       "      <td>0.000000</td>\n",
       "      <td>0.000000</td>\n",
       "      <td>0.000000</td>\n",
       "      <td>0.001285</td>\n",
       "    </tr>\n",
       "    <tr>\n",
       "      <th>担忧不好说</th>\n",
       "      <td>0.024422</td>\n",
       "      <td>0.008997</td>\n",
       "      <td>0.006427</td>\n",
       "      <td>0.000000</td>\n",
       "      <td>0.039846</td>\n",
       "    </tr>\n",
       "    <tr>\n",
       "      <th>很有信心</th>\n",
       "      <td>0.046272</td>\n",
       "      <td>0.015424</td>\n",
       "      <td>0.005141</td>\n",
       "      <td>0.000000</td>\n",
       "      <td>0.066838</td>\n",
       "    </tr>\n",
       "    <tr>\n",
       "      <th>All</th>\n",
       "      <th></th>\n",
       "      <td>0.736504</td>\n",
       "      <td>0.132391</td>\n",
       "      <td>0.110540</td>\n",
       "      <td>0.020566</td>\n",
       "      <td>1.000000</td>\n",
       "    </tr>\n",
       "  </tbody>\n",
       "</table>\n",
       "</div>"
      ],
      "text/plain": [
       "政治面貌             团员        党员        群众        其他       All\n",
       "年级  发展信心                                                   \n",
       "预科  不清楚    0.006427  0.000000  0.000000  0.000000  0.006427\n",
       "    没信心    0.001285  0.000000  0.000000  0.000000  0.001285\n",
       "    担忧不好说  0.001285  0.000000  0.000000  0.000000  0.001285\n",
       "    很有信心   0.006427  0.000000  0.001285  0.000000  0.007712\n",
       "大一  不清楚    0.019280  0.001285  0.002571  0.000000  0.023136\n",
       "    没信心    0.006427  0.000000  0.000000  0.001285  0.007712\n",
       "    担忧不好说  0.080977  0.006427  0.012853  0.001285  0.101542\n",
       "    很有信心   0.185090  0.007712  0.017995  0.001285  0.212082\n",
       "大二  不清楚    0.011568  0.000000  0.003856  0.000000  0.015424\n",
       "    没信心    0.010283  0.008997  0.002571  0.000000  0.021851\n",
       "    担忧不好说  0.086118  0.008997  0.014139  0.001285  0.110540\n",
       "    很有信心   0.137532  0.016710  0.012853  0.005141  0.172237\n",
       "大三  不清楚    0.011568  0.005141  0.001285  0.000000  0.017995\n",
       "    没信心    0.006427  0.000000  0.006427  0.000000  0.012853\n",
       "    担忧不好说  0.034704  0.016710  0.014139  0.005141  0.070694\n",
       "    很有信心   0.057841  0.034704  0.006427  0.005141  0.104113\n",
       "大四  不清楚    0.001285  0.001285  0.002571  0.000000  0.005141\n",
       "    没信心    0.001285  0.000000  0.000000  0.000000  0.001285\n",
       "    担忧不好说  0.024422  0.008997  0.006427  0.000000  0.039846\n",
       "    很有信心   0.046272  0.015424  0.005141  0.000000  0.066838\n",
       "All        0.736504  0.132391  0.110540  0.020566  1.000000"
      ]
     },
     "execution_count": 6,
     "metadata": {},
     "output_type": "execute_result"
    }
   ],
   "source": [
    "# 创建年级、政治面貌和会打多少分的交互表\n",
    "cross_tab = pd.crosstab(index=[数据表['年级'], 数据表['发展信心']], \n",
    "columns=数据表['政治面貌'], \n",
    "margins=True, normalize=True)  # All 行和列的总和\n",
    "\n",
    "cross_tab"
   ]
  },
  {
   "cell_type": "code",
   "execution_count": 15,
   "metadata": {},
   "outputs": [
    {
     "name": "stdout",
     "output_type": "stream",
     "text": [
      "3.0407340806392846 0.8037171866253874\n"
     ]
    },
    {
     "data": {
      "text/html": [
       "<div>\n",
       "<style scoped>\n",
       "    .dataframe tbody tr th:only-of-type {\n",
       "        vertical-align: middle;\n",
       "    }\n",
       "\n",
       "    .dataframe tbody tr th {\n",
       "        vertical-align: top;\n",
       "    }\n",
       "\n",
       "    .dataframe thead th {\n",
       "        text-align: right;\n",
       "    }\n",
       "</style>\n",
       "<table border=\"1\" class=\"dataframe\">\n",
       "  <thead>\n",
       "    <tr style=\"text-align: right;\">\n",
       "      <th>中国传统文化</th>\n",
       "      <th>古板，跟不上潮流</th>\n",
       "      <th>比较肯定</th>\n",
       "      <th>富有内涵，意义深刻</th>\n",
       "    </tr>\n",
       "    <tr>\n",
       "      <th>你愿意加入其他国籍吗</th>\n",
       "      <th></th>\n",
       "      <th></th>\n",
       "      <th></th>\n",
       "    </tr>\n",
       "  </thead>\n",
       "  <tbody>\n",
       "    <tr>\n",
       "      <th>毫不犹豫加入</th>\n",
       "      <td>0</td>\n",
       "      <td>4</td>\n",
       "      <td>6</td>\n",
       "    </tr>\n",
       "    <tr>\n",
       "      <th>不加入</th>\n",
       "      <td>2</td>\n",
       "      <td>28</td>\n",
       "      <td>79</td>\n",
       "    </tr>\n",
       "    <tr>\n",
       "      <th>做外籍华人</th>\n",
       "      <td>1</td>\n",
       "      <td>19</td>\n",
       "      <td>50</td>\n",
       "    </tr>\n",
       "    <tr>\n",
       "      <th>其他</th>\n",
       "      <td>3</td>\n",
       "      <td>17</td>\n",
       "      <td>59</td>\n",
       "    </tr>\n",
       "  </tbody>\n",
       "</table>\n",
       "</div>"
      ],
      "text/plain": [
       "中国传统文化      古板，跟不上潮流  比较肯定  富有内涵，意义深刻\n",
       "你愿意加入其他国籍吗                           \n",
       "毫不犹豫加入             0     4          6\n",
       "不加入                2    28         79\n",
       "做外籍华人              1    19         50\n",
       "其他                 3    17         59"
      ]
     },
     "execution_count": 15,
     "metadata": {},
     "output_type": "execute_result"
    }
   ],
   "source": [
    "from scipy import stats\n",
    "# 假设我们关注的是第二年级的学生（假设年级用数字“2”表示）\n",
    "specific_grade = \"大一\"\n",
    "\n",
    "# 筛选出特定年级的数据\n",
    "df_specific_grade = 数据表[数据表['年级'] == specific_grade]\n",
    "\n",
    "# 创建政治面貌和会打多少分的交互表\n",
    "cross_tab_specific_grade = pd.crosstab(df_specific_grade['你愿意加入其他国籍吗'], df_specific_grade['中国传统文化'])\n",
    "\n",
    "# 进行卡方检验\n",
    "chi2_grade, p_grade, dof_grade, expected_grade = stats.chi2_contingency(cross_tab_specific_grade)\n",
    "\n",
    "print(chi2_grade,p_grade)\n",
    "cross_tab_specific_grade"
   ]
  },
  {
   "cell_type": "code",
   "execution_count": 16,
   "metadata": {},
   "outputs": [
    {
     "name": "stdout",
     "output_type": "stream",
     "text": [
      "tau_y系数: 0.0053 极弱相关或无相关\n",
      "------------  -  --  --\n",
      "毫不犹豫加入  0   4   6\n",
      "不加入        2  28  79\n",
      "做外籍华人    1  19  50\n",
      "其他          3  17  59\n",
      "------------  -  --  --\n",
      "卡方值： 3.04, p值： 0.8037,自由度:6。\n",
      "接受虚无假设\n"
     ]
    }
   ],
   "source": [
    "mytools.两个无序类别变量的统计分析(df_specific_grade,'你愿意加入其他国籍吗','中国传统文化')"
   ]
  }
 ],
 "metadata": {
  "kernelspec": {
   "display_name": "Python 3",
   "language": "python",
   "name": "python3"
  },
  "language_info": {
   "codemirror_mode": {
    "name": "ipython",
    "version": 3
   },
   "file_extension": ".py",
   "mimetype": "text/x-python",
   "name": "python",
   "nbconvert_exporter": "python",
   "pygments_lexer": "ipython3",
   "version": "3.8.10"
  }
 },
 "nbformat": 4,
 "nbformat_minor": 2
}
